service_id,monday,tuesday,wednesday,thursday,friday,saturday,sunday,start_date,end_date
BUS319-1-Wdy-02,1,1,1,1,1,0,0,20190726,20190830
BUS319-2-Wdy-02,1,1,1,1,1,0,0,20190726,20190830
BUS319-3-Sa-02,0,0,0,0,0,1,0,20190727,20190831
BUS319-4-Su-02,0,0,0,0,0,0,1,20190728,20190825
BUS319-5-Wdy-02,1,1,1,1,1,0,0,20190726,20190830
BUS319-6-Sa-02,0,0,0,0,0,1,0,20190727,20190831
BUS319-7-Su-02,0,0,0,0,0,0,1,20190728,20190825
BUS319-8-Wdy-02,1,1,1,1,1,0,0,20190726,20190830
BUS319-9-Sa-02,0,0,0,0,0,1,0,20190727,20190831
BUS319-A-Su-02,0,0,0,0,0,0,1,20190728,20190825
BUS319-B-Wdy-02,0,0,0,0,1,0,0,20190726,20190830
BUS319-C-Wdy-02,1,1,1,1,0,0,0,20190729,20190829
BUS319-D-Wdy-02,1,1,1,1,1,0,0,20190726,20190830
BUS319-E-Sa-02,0,0,0,0,0,1,0,20190727,20190831
BUS319-F-Su-02,0,0,0,0,0,0,1,20190728,20190825
BUS319-G-Wdy-02,1,1,1,1,1,0,0,20190726,20190830
BUS319-H-Sa-02,0,0,0,0,0,1,0,20190727,20190831
BUS319-I-Su-02,0,0,0,0,0,0,1,20190728,20190825
BUS319-J-Wdy-02,1,1,1,1,1,0,0,20190726,20190830
BUS319-K-Sa-02,0,0,0,0,0,1,0,20190727,20190831
BUS319-L-Su-02,0,0,0,0,0,0,1,20190728,20190825
BUS319-M-Wdy-02,1,1,1,1,1,0,0,20190726,20190830
BUS319-N-Sa-02,0,0,0,0,0,1,0,20190727,20190831
BUS319-O-Su-02,0,0,0,0,0,0,1,20190728,20190825
BUS319-P-Wdy-02,1,1,1,1,1,0,0,20190726,20190830
BUS319-Q-Sa-02,0,0,0,0,0,1,0,20190727,20190831
Boat-F1-FrSmr,0,0,0,0,1,0,0,20190726,20190830
Boat-F1-Sa,0,0,0,0,0,1,0,20190727,20190831
Boat-F1-Su,0,0,0,0,0,0,1,20190728,20190825
Boat-F1-WdSmr,1,1,1,1,0,0,0,20190729,20190829
Boat-F4-Sa,0,0,0,0,0,1,0,20190727,20190831
Boat-F4-Su,0,0,0,0,0,0,1,20190728,20190825
Boat-F4-Wdy,1,1,1,1,1,0,0,20190726,20190830
CR-Foxboro-Sa-170,0,0,0,0,0,1,0,20190817,20190817
CR-Sa-Fairmount-Spr-19,0,0,0,0,0,1,0,20190727,20190831
CR-Sa-Fitchburg-Spr-19,0,0,0,0,0,1,0,20190727,20190727
CR-Sa-Fitchburg-Spr-19-FtgGLX,0,0,0,0,0,1,0,20190803,20190824
CR-Sa-Franklin-Spr-19,0,0,0,0,0,1,0,20190727,20190831
CR-Sa-Greenbush-Spr-19,0,0,0,0,0,1,0,20190727,20190831
CR-Sa-Haverhill-Spr-19,0,0,0,0,0,1,0,20190803,20190831
CR-Sa-Haverhill-Spr-19-TrtHvl,0,0,0,0,0,1,0,20190727,20190727
CR-Sa-Kingston-Spr-19,0,0,0,0,0,1,0,20190727,20190831
CR-Sa-Lowell-LowellFolk-19,0,0,0,0,0,1,0,20190727,20190727
CR-Sa-Lowell-Spr-19,0,0,0,0,0,1,0,20190803,20190831
CR-Sa-Middleborough-Spr-19,0,0,0,0,0,1,0,20190727,20190831
CR-Sa-Needham-Spr-19,0,0,0,0,0,1,0,20190727,20190727
CR-Sa-Newburyport-Spr-19,0,0,0,0,0,1,0,20190727,20190831
CR-Sa-Providence-Spr-19,0,0,0,0,0,1,0,20190727,20190831
CR-Sa-Worcester-Spr-19,0,0,0,0,0,1,0,20190727,20190831
CR-Su-Fairmount-Spr-19,0,0,0,0,0,0,1,20190728,20190825
CR-Su-Fitchburg-Spr-19,0,0,0,0,0,0,1,20190728,20190728
CR-Su-Fitchburg-Spr-19-FtgGLX,0,0,0,0,0,0,1,20190804,20190825
CR-Su-Franklin-Spr-19,0,0,0,0,0,0,1,20190728,20190825
CR-Su-Greenbush-Spr-19,0,0,0,0,0,0,1,20190728,20190825
CR-Su-Haverhill-Spr-19,0,0,0,0,0,0,1,20190804,20190825
CR-Su-Haverhill-Spr-19-TrtHvl,0,0,0,0,0,0,1,20190728,20190728
CR-Su-Kingston-Spr-19,0,0,0,0,0,0,1,20190728,20190825
CR-Su-Lowell-Spr-19,0,0,0,0,0,0,1,20190728,20190825
CR-Su-Middleborough-Spr-19,0,0,0,0,0,0,1,20190728,20190825
CR-Su-Newburyport-Spr-19,0,0,0,0,0,0,1,20190728,20190825
CR-Su-Providence-Spr-19,0,0,0,0,0,0,1,20190728,20190825
CR-Su-Worcester-Spr-19,0,0,0,0,0,0,1,20190728,20190825
CR-Wdy-Fairmount-Spr-19,1,1,1,1,1,0,0,20190726,20190830
CR-Wdy-Fitchburg-Spr-19,1,1,1,1,1,0,0,20190726,20190830
CR-Wdy-Franklin-Spr-19,1,1,1,1,1,0,0,20190726,20190830
CR-Wdy-Greenbush-Spr-19,1,1,1,1,1,0,0,20190726,20190830
CR-Wdy-Haverhill-LowellFolk-19,0,0,0,0,1,0,0,20190726,20190726
CR-Wdy-Haverhill-Spr-19,1,1,1,1,1,0,0,20190729,20190802
CR-Wdy-Haverhill-Spr-19-BllMlnCnr,1,1,1,1,1,0,0,20190805,20190830
CR-Wdy-Kingston-Spr-19,1,1,1,1,1,0,0,20190726,20190830
CR-Wdy-Lowell-LowellFolk-19,0,0,0,0,1,0,0,20190726,20190726
CR-Wdy-Lowell-Spr-19,1,1,1,1,1,0,0,20190729,20190830
CR-Wdy-Middleborough-Spr-19,1,1,1,1,1,0,0,20190726,20190830
CR-Wdy-Needham-Spr-19,1,1,1,1,1,0,0,20190726,20190830
CR-Wdy-Newburyport-Spr-19,1,1,1,1,1,0,0,20190726,20190830
CR-Wdy-Providence-Spr-19,1,1,1,1,1,0,0,20190726,20190830
CR-Wdy-Worcester-Spr-19,1,1,1,1,1,0,0,20190726,20190830
CapeFlyer-Fr,0,0,0,0,1,0,0,20190726,20190830
CapeFlyer-Sa,0,0,0,0,0,1,0,20190727,20190831
CapeFlyer-Su,0,0,0,0,0,0,1,20190728,20190825
LRV319-1-RedSox-01-CldCrlStMrNwnHgsKnr,0,0,0,0,1,0,0,20190726,20190726
LRV319-1-RedSox-01-NwnHgsKnr,1,1,1,1,0,0,0,20190730,20190808
LRV319-1-Wdy-01-CldCrlKnrNwnHgsKnr,0,0,0,0,1,0,0,20190802,20190802
LRV319-1-Wdy-01-NwnHgsKnr,1,1,1,1,1,0,0,20190812,20190830
LRV319-2-Sa-01,0,0,0,0,0,1,0,20190831,20190831
LRV319-2-Sa-01-CldCrlKnr,0,0,0,0,0,1,0,20190803,20190803
LRV319-2-Sa-01-CldCrlStMr,0,0,0,0,0,1,0,20190727,20190727
LRV319-2-Sa-01-RsrRvd,0,0,0,0,0,1,0,20190824,20190824
LRV319-3-Su-01,0,0,0,0,0,0,1,20190818,20190818
LRV319-3-Su-01-CldCrlKnr,0,0,0,0,0,0,1,20190804,20190804
LRV319-3-Su-01-CldCrlStMr,0,0,0,0,0,0,1,20190728,20190728
LRV319-3-Su-01-RsrRvd,0,0,0,0,0,0,1,20190825,20190825
LRV319-4-Wdy-01,1,1,1,1,1,0,0,20190726,20190830
LRV319-5-Sa-01,0,0,0,0,0,1,0,20190727,20190831
LRV319-6-Su-01,0,0,0,0,0,0,1,20190728,20190825
PRIV319-1-Wdy-01,1,1,1,1,1,0,0,20190726,20190830
PRIV319-2-Sa-01,0,0,0,0,0,1,0,20190727,20190831
PRIV319-3-Wdy-01,1,1,1,1,1,0,0,20190726,20190830
PRIV319-4-Sa-01,0,0,0,0,0,1,0,20190727,20190831
PRIV319-5-Su-01,0,0,0,0,0,0,1,20190728,20190825
PRIV319-6-Wdy-01,1,1,1,1,1,0,0,20190726,20190830
PRIV319-7-Sa-01,0,0,0,0,0,1,0,20190727,20190831
PRIV319-8-Su-01,0,0,0,0,0,0,1,20190728,20190825
RTL319-1-Wdy-01,1,1,1,1,1,0,0,20190726,20190830
RTL319-2-Sa-01,0,0,0,0,0,1,0,20190727,20190831
RTL319-3-Su-01,0,0,0,0,0,0,1,20190728,20190825
RTL319-4-Wdy-01,0,0,0,0,1,0,0,20190726,20190802
RTL319-4-Wdy-01-BckBRgs,0,0,0,0,1,0,0,20190816,20190816
RTL319-4-Wdy-01-FrtHlsRgs,0,0,0,0,1,0,0,20190823,20190823
RTL319-4-Wdy-01-OkGrvWln,1,1,1,1,0,0,0,20190729,20190829
RTL319-5-Sa-01,0,0,0,0,0,1,0,20190727,20190803
RTL319-5-Sa-01-BckBRgs,0,0,0,0,0,1,0,20190817,20190817
RTL319-5-Sa-01-FrtHlsRgs,0,0,0,0,0,1,0,20190824,20190824
RTL319-6-Su-01,0,0,0,0,0,0,1,20190804,20190804
RTL319-6-Su-01-BckBRgs,0,0,0,0,0,0,1,20190818,20190818
RTL319-6-Su-01-FrtHlsRgs,0,0,0,0,0,0,1,20190825,20190825
RTL319-6-Su-01-OkGrvWln,0,0,0,0,0,0,1,20190728,20190728
RTL319-7-Wdy-01,1,1,1,1,1,0,0,20190726,20190830
RTL319-8-Sa-01-BrrNQnc,0,0,0,0,0,1,0,20190727,20190727
RTL319-8-Sa-01-L,0,0,0,0,0,1,0,20190803,20190831
RTL319-9-Su-01-BrrNQnc,0,0,0,0,0,0,1,20190728,20190728
RTL319-9-Su-01-L,0,0,0,0,0,0,1,20190804,20190825
